0.0100000000 0.9989610805 0.0009989611 0.0000399584
0.0104737090 0.9989099392 0.0010462292 0.0000438316
0.0109698580 0.9988561889 0.0010957311 0.0000480801
0.0114895100 0.9987996879 0.0011475719 0.0000527402
0.0120337784 0.9987402863 0.0012018619 0.0000578518
0.0126038293 0.9986778249 0.0012587165 0.0000634586
0.0132008840 0.9986121351 0.0013182563 0.0000696086
0.0138262217 0.9985430379 0.0013806077 0.0000763544
0.0144811823 0.9984703434 0.0014459031 0.0000837535
0.0151671689 0.9983938498 0.0015142808 0.0000918694
0.0158856513 0.9983133429 0.0015858858 0.0001007713
0.0166381689 0.9982285951 0.0016608696 0.0001105353
0.0174263339 0.9981393642 0.0017393910 0.0001212448
0.0182518349 0.9980453927 0.0018216160 0.0001329913
0.0191164408 0.9979464065 0.0019077183 0.0001458751
0.0200220037 0.9978421139 0.0019978799 0.0001600062
0.0209704640 0.9977322040 0.0020922907 0.0001755052
0.0219638537 0.9976163457 0.0021911499 0.0001925044
0.0230043012 0.9974941856 0.0022946657 0.0002111487
0.0240940356 0.9973653472 0.0024030556 0.0002315972
0.0252353917 0.9972294282 0.0025165475 0.0002540243
0.0264308149 0.9970859995 0.0026353795 0.0002786209
0.0276828663 0.9969346025 0.0027598007 0.0003055968
0.0289942285 0.9967747469 0.0028900715 0.0003351816
0.0303677112 0.9966059088 0.0030264640 0.0003676271
0.0318062569 0.9964275274 0.0031692630 0.0004032096
0.0333129479 0.9962390027 0.0033187658 0.0004422315
0.0348910121 0.9960396921 0.0034752833 0.0004850246
0.0365438307 0.9958289072 0.0036391403 0.0005319525
0.0382749448 0.9956059102 0.0038106761 0.0005834137
0.0400880633 0.9953699100 0.0039902452 0.0006398448
0.0419870708 0.9951200579 0.0041782176 0.0007017245
0.0439760361 0.9948554430 0.0043749799 0.0007695771
0.0460592204 0.9945750874 0.0045809353 0.0008439772
0.0482410870 0.9942779407 0.0047965049 0.0009255544
0.0505263107 0.9939628740 0.0050221277 0.0010149983
0.0529197874 0.9936286738 0.0052582618 0.0011130644
0.0554266452 0.9932740352 0.0055053848 0.0012205800
0.0580522552 0.9928975543 0.0057639942 0.0013384515
0.0608022426 0.9924977203 0.0060346087 0.0014676710
0.0636824994 0.9920729067 0.0063177682 0.0016093251
0.0666991966 0.9916213619 0.0066140348 0.0017646032
0.0698587975 0.9911411994 0.0069239932 0.0019348074
0.0731680714 0.9906303862 0.0072482515 0.0021213623
0.0766341087 0.9900867313 0.0075874414 0.0023258272
0.0802643352 0.9895078731 0.0079422192 0.0025499078
0.0840665289 0.9888912649 0.0083132656 0.0027954695
0.0880488358 0.9882341606 0.0087012867 0.0030645527
0.0922197882 0.9875335985 0.0091070139 0.0033593876
0.0965883224 0.9867863838 0.0095312041 0.0036824121
0.1011637980 0.9859890703 0.0099746399 0.0040362898
0.1059560179 0.9851379402 0.0104381293 0.0044239305
0.1109752496 0.9842289831 0.0109225057 0.0048485112
0.1162322469 0.9832578728 0.0114286272 0.0053135001
0.1217382728 0.9822199429 0.0119573759 0.0058226812
0.1275051241 0.9811101611 0.0125096573 0.0063801816
0.1335451563 0.9799231012 0.0130863984 0.0069905005
0.1398713103 0.9786529137 0.0136885465 0.0076585398
0.1464971398 0.9772932951 0.0143170673 0.0083896376
0.1534368409 0.9758374549 0.0149729416 0.0091896035
0.1607052818 0.9742780812 0.0156571634 0.0100647554
0.1683180353 0.9726073051 0.0163707351 0.0110219599
0.1762914118 0.9708166629 0.0171146640 0.0120686731
0.1846424943 0.9688970580 0.0178899569 0.0132129851
0.1933891750 0.9668387209 0.0186976143 0.0144636648
0.2025501939 0.9646311694 0.0195386230 0.0158302075
0.2121451785 0.9622631673 0.0204139491 0.0173228835
0.2221946861 0.9597226847 0.0213245281 0.0189527873
0.2327202479 0.9569968578 0.0222712546 0.0207318876
0.2437444150 0.9540719518 0.0232549710 0.0226730772
0.2552908068 0.9509333248 0.0242764536 0.0247902217
0.2673841616 0.9475653961 0.0253363979 0.0270982060
0.2800503894 0.9439516198 0.0264354019 0.0296129784
0.2933166278 0.9400744640 0.0275739472 0.0323515888
0.3072112999 0.9359153989 0.0287523786 0.0353322225
0.3217641750 0.9314548945 0.0299708816 0.0385742239
0.3370064329 0.9266724312 0.0312294571 0.0420981117
0.3529707303 0.9215465256 0.0325278950 0.0459255794
0.3696912707 0.9160547730 0.0338657453 0.0500794817
0.3872038782 0.9101739125 0.0352422869 0.0545838006
0.4055460736 0.9038799144 0.0366564950 0.0594635905
0.4247571553 0.8971480965 0.0381070073 0.0647448961
0.4448782831 0.8899532706 0.0395920883 0.0704546411
0.4659525669 0.8822699238 0.0411095936 0.0766204826
0.4880251584 0.8740724381 0.0426569340 0.0832706279
0.5111433483 0.8653353500 0.0442310408 0.0904336092
0.5353566677 0.8560336541 0.0458283325 0.0981380134
0.5607169938 0.8461431522 0.0474446845 0.1064121634
0.5872786613 0.8356408465 0.0490754038 0.1152837497
0.6150985789 0.8245053799 0.0507152087 0.1247794113
0.6442363509 0.8127175172 0.0523582168 0.1349242660
0.6747544053 0.8002606650 0.0539979409 0.1457413940
0.7067181274 0.7871214232 0.0556272978 0.1572512790
0.7401959997 0.7732901576 0.0572386281 0.1694712143
0.7752597489 0.7587615834 0.0588237315 0.1824146851
0.8119844993 0.7435353427 0.0603739173 0.1960907400
0.8504489342 0.7276165596 0.0618800728 0.2105033677
0.8907354639 0.7110163529 0.0633327481 0.2256508990
0.9329304026 0.6937522846 0.0647222598 0.2415254556
0.9771241535 0.6758487204 0.0660388109 0.2581124687
1.0234114021 0.6573370817 0.0672726264 0.2753902918
1.0718913192 0.6382559653 0.0684141029 0.2933299319
1.1226677735 0.6186511126 0.0694539667 0.3118949207
1.1758495541 0.5985752144 0.0703834399 0.3310413457
1.2315506033 0.5780875401 0.0711944059 0.3507180540
1.2898902613 0.5572533888 0.0718795719 0.3708670393
1.3509935212 0.5361433680 0.0724326217 0.3914240103
1.4149912974 0.5148325104 0.0728483522 0.4123191375
1.4820207058 0.4933992507 0.0731227906 0.4334779588
1.5522253574 0.4719242896 0.0732532849 0.4548224254
1.6257556664 0.4504893789 0.0732385660 0.4762720550
1.7027691722 0.4291760655 0.0730787774 0.4977451571
1.7834308769 0.4080644363 0.0727754715 0.5191600922
1.8679135990 0.3872319038 0.0723315739 0.5404365222
1.9563983435 0.3667520724 0.0717513147 0.5614966129
2.0490746898 0.3466937186 0.0710401324 0.5822661490
2.1461411979 0.3271199156 0.0702045527 0.6026755317
2.2478058335 0.3080873221 0.0692520480 0.6226606299
2.3542864143 0.2896456503 0.0681908819 0.6421634678
2.4658110758 0.2718373160 0.0670299465 0.6611327376
2.5826187607 0.2546972709 0.0657785950 0.6795241341
2.7049597305 0.2382530052 0.0644464785 0.6973005163
2.8330961018 0.2225247065 0.0630433879 0.7144319056
2.9673024082 0.2075255542 0.0615791077 0.7308953381
3.1078661878 0.1932621279 0.0600632833 0.7466745888
3.2550885998 0.1797349047 0.0585053039 0.7617597914
3.4092850697 0.1669388220 0.0569142033 0.7761469747
3.5707859649 0.1548638821 0.0552985777 0.7898375402
3.7399373025 0.1434957782 0.0536665214 0.8028377005
3.9171014908 0.1328165215 0.0520255794 0.8151578991
4.1026581058 0.1228050557 0.0503827157 0.8268122285
4.2970047043 0.1134378443 0.0487442951 0.8378178607
4.5005576757 0.1046894210 0.0471160777 0.8481945012
4.7137531341 0.0965328978 0.0455032250 0.8579638772
4.9370478528 0.0889404238 0.0439103129 0.8671492633
5.1709202429 0.0818835946 0.0423413537 0.8757750517
5.4158713781 0.0753338102 0.0407998227 0.8838663671
5.6724260685 0.0692625839 0.0392886887 0.8914487274
5.9411339850 0.0636418031 0.0378104479 0.8985477489
6.2225708367 0.0584439456 0.0363671591 0.9051888953
6.5173396049 0.0536422550 0.0349604793 0.9113972657
6.8260718343 0.0492108793 0.0335916997 0.9171974210
7.1494289866 0.0451249755 0.0322617808 0.9226132436
7.4881038576 0.0413607862 0.0309713863 0.9276678276
7.8428220613 0.0378956897 0.0297209151 0.9323833952
8.2143435849 0.0347082298 0.0285105325 0.9367812378
8.6034644167 0.0317781262 0.0273401978 0.9408816760
9.0110182517 0.0290862707 0.0262096916 0.9447040377
9.4378782778 0.0266147102 0.0251186395 0.9482666502
9.8849590466 0.0243466207 0.0240665348 0.9515868445
10.3532184330 0.0222662725 0.0230527583 0.9546809692
10.8436596869 0.0203589908 0.0220765968 0.9575644123
11.3573335834 0.0186111109 0.0211372595 0.9602516296
11.8953406737 0.0170099311 0.0202338925 0.9627561765
12.4588336430 0.0155436635 0.0193655918 0.9650907447
13.0490197801 0.0142013847 0.0185314149 0.9672672004
13.6671635646 0.0129729853 0.0177303911 0.9692966236
14.3145893752 0.0118491209 0.0169615300 0.9711893491
14.9926843279 0.0108211638 0.0162238293 0.9729550068
15.7029012473 0.0098811561 0.0155162818 0.9746025622
16.4467617799 0.0090217642 0.0148378807 0.9761403551
17.2258596540 0.0082362362 0.0141876249 0.9775761389
18.0418640939 0.0075183600 0.0135645229 0.9789171171
18.8965233969 0.0068624246 0.0129675967 0.9801699787
19.7916686785 0.0062631830 0.0123958842 0.9813409328
20.7292177960 0.0057158172 0.0118484420 0.9824357408
21.7111794569 0.0052159061 0.0113243473 0.9834597466
22.7396575236 0.0047593942 0.0108226993 0.9844179065
23.8168555198 0.0043425635 0.0103426207 0.9853148158
24.9450813523 0.0039620069 0.0098832584 0.9861547348
26.1267522556 0.0036146031 0.0094437839 0.9869416130
27.3643999707 0.0032974940 0.0090233946 0.9876791114
28.6606761695 0.0030080633 0.0086213129 0.9883706238
30.0183581358 0.0027439166 0.0082367871 0.9890192963
31.4403547159 0.0025028633 0.0078690910 0.9896280457
32.9297125510 0.0022828999 0.0075175237 0.9901995764
34.4896226041 0.0020821942 0.0071814094 0.9907363964
36.1234269971 0.0018990714 0.0068600969 0.9912408317
37.8346261713 0.0017320005 0.0065529592 0.9917150403
39.6268863870 0.0015795823 0.0062593930 0.9921610246
41.5040475785 0.0014405386 0.0059788183 0.9925806430
43.4701315813 0.0013137015 0.0057106776 0.9929756210
45.5293507487 0.0011980042 0.0054544351 0.9933475607
47.6861169771 0.0010924724 0.0052095768 0.9936979508
49.9450511586 0.0009962166 0.0049756090 0.9940281744
52.3109930806 0.0009084244 0.0047520581 0.9943395175
54.7890117959 0.0008283541 0.0045384701 0.9946331758
57.3844164830 0.0007553287 0.0043344096 0.9949102617
60.1027678207 0.0006887302 0.0041394592 0.9951718106
62.9498899022 0.0006279946 0.0039532189 0.9954187865
65.9318827133 0.0005726070 0.0037753058 0.9956520871
69.0551352016 0.0005220977 0.0036053530 0.9958725493
72.3263389648 0.0004760381 0.0034430090 0.9960809529
75.7525025877 0.0004340368 0.0032879377 0.9962780255
79.3409666580 0.0003957372 0.0031398169 0.9964644459
83.0994194935 0.0003608134 0.0029983388 0.9966408478
87.0359136149 0.0003289686 0.0028632084 0.9968078230
91.1588829975 0.0002999317 0.0027341437 0.9969659247
95.4771611421 0.0002734554 0.0026108748 0.9971156697
100.0000000000 0.0002493144 0.0024931439 0.9972575418
