0.0100000000 0.9979232403 0.0019958465 0.0000009979 0.0000798339 0.0000000798 0.0000000016
0.0104737090 0.9978210666 0.0020901775 0.0000010946 0.0000875676 0.0000000917 0.0000000019
0.0109698580 0.9977136861 0.0021889555 0.0000012006 0.0000960501 0.0000001054 0.0000000023
0.0114895100 0.9976008166 0.0022923889 0.0000013169 0.0001053537 0.0000001210 0.0000000028
0.0120337784 0.9974821595 0.0024006959 0.0000014445 0.0001155578 0.0000001391 0.0000000033
0.0126038293 0.9973573980 0.0025141045 0.0000015844 0.0001267494 0.0000001598 0.0000000040
0.0132008840 0.9972261964 0.0026328535 0.0000017378 0.0001390240 0.0000001835 0.0000000048
0.0138262217 0.9970881985 0.0027571925 0.0000019061 0.0001524862 0.0000002108 0.0000000058
0.0144811823 0.9969430266 0.0028873827 0.0000020906 0.0001672509 0.0000002422 0.0000000070
0.0151671689 0.9967902793 0.0030236973 0.0000022930 0.0001834437 0.0000002782 0.0000000084
0.0158856513 0.9966295307 0.0031664218 0.0000025150 0.0002012027 0.0000003196 0.0000000102
0.0166381689 0.9964603281 0.0033158550 0.0000027585 0.0002206790 0.0000003672 0.0000000122
0.0174263339 0.9962821903 0.0034723092 0.0000030255 0.0002420385 0.0000004218 0.0000000147
0.0182518349 0.9960946059 0.0036361109 0.0000033183 0.0002654628 0.0000004845 0.0000000177
0.0191164408 0.9958970303 0.0038076013 0.0000036394 0.0002911511 0.0000005566 0.0000000213
0.0200220037 0.9956888843 0.0039871373 0.0000039915 0.0003193219 0.0000006393 0.0000000256
0.0209704640 0.9954695510 0.0041750917 0.0000043777 0.0003502144 0.0000007344 0.0000000308
0.0219638537 0.9952383731 0.0043718540 0.0000048011 0.0003840910 0.0000008436 0.0000000371
0.0230043012 0.9949946503 0.0045778313 0.0000052655 0.0004212392 0.0000009690 0.0000000446
0.0240940356 0.9947376357 0.0047934488 0.0000057747 0.0004619741 0.0000011131 0.0000000536
0.0252353917 0.9944665325 0.0050191505 0.0000063330 0.0005066409 0.0000012785 0.0000000645
0.0264308149 0.9941804905 0.0052554001 0.0000069452 0.0005556180 0.0000014685 0.0000000776
0.0276828663 0.9938786016 0.0055026817 0.0000076165 0.0006093200 0.0000016868 0.0000000934
0.0289942285 0.9935598962 0.0057615005 0.0000083525 0.0006682011 0.0000019374 0.0000001123
0.0303677112 0.9932233375 0.0060323839 0.0000091595 0.0007327588 0.0000022252 0.0000001351
0.0318062569 0.9928678174 0.0063158818 0.0000100442 0.0008035382 0.0000025558 0.0000001626
0.0333129479 0.9924921505 0.0066125679 0.0000110142 0.0008811365 0.0000029353 0.0000001956
0.0348910121 0.9920950682 0.0069230402 0.0000120776 0.0009662075 0.0000033712 0.0000002352
0.0365438307 0.9916752124 0.0072479222 0.0000132433 0.0010594674 0.0000038717 0.0000002830
0.0382749448 0.9912311284 0.0075878633 0.0000145213 0.0011617002 0.0000044464 0.0000003404
0.0400880633 0.9907612577 0.0079435400 0.0000159221 0.0012737645 0.0000051063 0.0000004094
0.0419870708 0.9902639296 0.0083156564 0.0000174575 0.0013966002 0.0000058639 0.0000004924
0.0439760361 0.9897373525 0.0087049451 0.0000191404 0.0015312359 0.0000067338 0.0000005922
0.0460592204 0.9891796046 0.0091121683 0.0000209850 0.0016787975 0.0000077324 0.0000007123
0.0482410870 0.9885886234 0.0095381180 0.0000230065 0.0018405167 0.0000088789 0.0000008567
0.0505263107 0.9879621948 0.0099836170 0.0000252218 0.0020177413 0.0000101949 0.0000010302
0.0529197874 0.9872979414 0.0104495194 0.0000276493 0.0022119454 0.0000117056 0.0000012389
0.0554266452 0.9865933090 0.0109367115 0.0000303093 0.0024247409 0.0000134395 0.0000014898
0.0580522552 0.9858455534 0.0114461115 0.0000332236 0.0026578903 0.0000154297 0.0000017915
0.0608022426 0.9850517248 0.0119786708 0.0000364165 0.0029133202 0.0000177136 0.0000021541
0.0636824994 0.9842086522 0.0125353734 0.0000399142 0.0031931356 0.0000203347 0.0000025899
0.0666991966 0.9833129255 0.0131172364 0.0000437455 0.0034996365 0.0000233423 0.0000031138
0.0698587975 0.9823608772 0.0137253099 0.0000479417 0.0038353346 0.0000267932 0.0000037435
0.0731680714 0.9813485620 0.0143606763 0.0000525371 0.0042029720 0.0000307523 0.0000045002
0.0766341087 0.9802717356 0.0150244501 0.0000575693 0.0046055414 0.0000352942 0.0000054095
0.0802643352 0.9791258309 0.0157177768 0.0000630788 0.0050463076 0.0000405039 0.0000065020
0.0840665289 0.9779059337 0.0164418315 0.0000691104 0.0055288308 0.0000464790 0.0000078146
0.0880488358 0.9766067562 0.0171978176 0.0000757124 0.0060569913 0.0000533311 0.0000093915
0.0922197882 0.9752226081 0.0179869645 0.0000829377 0.0066350162 0.0000611880 0.0000112855
0.0965883224 0.9737473672 0.0188105249 0.0000908439 0.0072675082 0.0000701956 0.0000135602
0.1011637980 0.9721744467 0.0196697719 0.0000994934 0.0079594753 0.0000805211 0.0000162916
0.1059560179 0.9704967612 0.0205659944 0.0001089545 0.0087163635 0.0000923551 0.0000195712
0.1109752496 0.9687066912 0.0215004934 0.0001193011 0.0095440905 0.0001059158 0.0000235081
0.1162322469 0.9667960443 0.0224745753 0.0001306135 0.0104490815 0.0001214520 0.0000282333
0.1217382728 0.9647560162 0.0234895462 0.0001429788 0.0114383071 0.0001392480 0.0000339036
0.1275051241 0.9625771482 0.0245467037 0.0001564915 0.0125193220 0.0001596278 0.0000407067
0.1335451563 0.9602492842 0.0256473281 0.0001712538 0.0137003058 0.0001829609 0.0000488671
0.1398713103 0.9577615255 0.0267926719 0.0001873763 0.0149901045 0.0002096686 0.0000586532
0.1464971398 0.9551021847 0.0279839477 0.0002049784 0.0163982732 0.0002402300 0.0000703860
0.1534368409 0.9522587384 0.0292223145 0.0002241890 0.0179351185 0.0002751908 0.0000844488
0.1607052818 0.9492177796 0.0305088622 0.0002451468 0.0196117412 0.0003151710 0.0001012993
0.1683180353 0.9459649699 0.0318445930 0.0002680010 0.0214400773 0.0003608752 0.0001214836
0.1762914118 0.9424849929 0.0332304020 0.0002929117 0.0234329379 0.0004131026 0.0001456529
0.1846424943 0.9387615089 0.0346670533 0.0003200506 0.0256040448 0.0004727595 0.0001745830
0.1933891750 0.9347771123 0.0361551549 0.0003496008 0.0279680623 0.0005408721 0.0002091976
0.2025501939 0.9305132930 0.0376951296 0.0003817578 0.0305406232 0.0006186009 0.0002505955
0.2121451785 0.9259504032 0.0392871827 0.0004167293 0.0333383456 0.0007072569 0.0003000823
0.2221946861 0.9210676314 0.0409312666 0.0004547355 0.0363788398 0.0008083185 0.0003592081
0.2327202479 0.9158429859 0.0426270413 0.0004960088 0.0396807025 0.0009234503 0.0004298112
0.2437444150 0.9102532893 0.0443738311 0.0005407937 0.0432634940 0.0010545235 0.0005140684
0.2552908068 0.9042741881 0.0461705774 0.0005893462 0.0471476958 0.0012036373 0.0006145551
0.2673841616 0.8978801798 0.0480157878 0.0006419331 0.0513546447 0.0013731419 0.0007343128
0.2800503894 0.8910446605 0.0499074808 0.0006988305 0.0559064378 0.0015656620 0.0008769285
0.2933166278 0.8837399979 0.0518431272 0.0007603226 0.0608258050 0.0017841220 0.0010466253
0.3072112999 0.8759376339 0.0538195878 0.0008266993 0.0661359421 0.0020317709 0.0012483659
0.3217641750 0.8676082205 0.0558330487 0.0008982537 0.0718602994 0.0023122070 0.0014879708
0.3370064329 0.8587217948 0.0578789538 0.0009752790 0.0780223190 0.0026294023 0.0017722510
0.3529707303 0.8492479988 0.0599519373 0.0010580640 0.0846451163 0.0029877249 0.0021091588
0.3696912707 0.8391563472 0.0620457553 0.0011468887 0.0917510964 0.0033919579 0.0025079545
0.3872038782 0.8284165510 0.0641532203 0.0012420188 0.0993615027 0.0038473159 0.0029793913
0.4055460736 0.8169988997 0.0662661392 0.0013436986 0.1074958902 0.0043594536 0.0035359186
0.4247571553 0.8048747071 0.0683752582 0.0014521440 0.1161715206 0.0049344685 0.0041919016
0.4448782831 0.7920168239 0.0704702170 0.0015675335 0.1254026765 0.0055788927 0.0049638565
0.4659525669 0.7784002185 0.0725395160 0.0016899987 0.1351998947 0.0062996738 0.0058706984
0.4880251584 0.7640026271 0.0745705006 0.0018196140 0.1455691215 0.0071041394 0.0069339975
0.5111433483 0.7488052679 0.0765493664 0.0019563850 0.1565107978 0.0079999453 0.0081782377
0.5353566677 0.7327936170 0.0784611898 0.0021002361 0.1680188845 0.0089950030 0.0096310697
0.5607169938 0.7159582339 0.0802899897 0.0022509981 0.1800798467 0.0100973830 0.0113235485
0.5872786613 0.6982956244 0.0820188239 0.0024083953 0.1926716204 0.0113151931 0.0132903429
0.6150985789 0.6798091216 0.0836299249 0.0025720324 0.2057625919 0.0126564278 0.0155699015
0.6442363509 0.6605097628 0.0851048799 0.0027413829 0.2193106290 0.0141287879 0.0182045576
0.6747544053 0.6404171320 0.0864248562 0.0029157776 0.2332622098 0.0157394704 0.0212405539
0.7067181274 0.6195601348 0.0875708757 0.0030943963 0.2475517010 0.0174949275 0.0247279647
0.7401959997 0.5979776679 0.0885241355 0.0032762605 0.2621008440 0.0194005996 0.0287204925
0.7752597489 0.5757191405 0.0892663753 0.0034602314 0.2768185106 0.0214606249 0.0332751173
0.8119844993 0.5528448058 0.0897802826 0.0036450099 0.2916007912 0.0236775322 0.0384515783
0.8504489342 0.5294258577 0.0900499313 0.0038291434 0.3063314723 0.0260519274 0.0443116678
0.8907354639 0.5055442541 0.0900612391 0.0040110370 0.3208829585 0.0285821831 0.0509183282
0.9329304026 0.4812922323 0.0898024312 0.0041889709 0.3351176732 0.0312641466 0.0583345457
0.9771241535 0.4567714928 0.0892644917 0.0043611245 0.3488899634 0.0340908810 0.0666220465
1.0234114021 0.4320920390 0.0884415839 0.0045256063 0.3620485015 0.0370524565 0.0758398128
1.0718913192 0.4073706772 0.0873314185 0.0046804895 0.3744391576 0.0401358083 0.0860424489
1.1226677735 0.3827291991 0.0859355476 0.0048238535 0.3859082794 0.0433246789 0.0972784416
1.1758495541 0.3582922873 0.0842595653 0.0049538286 0.3963062889 0.0465996573 0.1095883725
1.2315506033 0.3341852040 0.0823131979 0.0050686434 0.4054914742 0.0499383270 0.1230031534
1.2898902613 0.3105313393 0.0801102701 0.0051666729 0.4133338289 0.0533155280 0.1375423608
1.3509935212 0.2874497110 0.0776685395 0.0052464847 0.4197187744 0.0567037345 0.1532127559
1.4149912974 0.2650525137 0.0750094001 0.0053068824 0.4245505932 0.0600735395 0.1700070711
1.4820207058 0.2434428206 0.0721574601 0.0053469425 0.4277554001 0.0633942360 0.1879031407
1.5522253574 0.2227125351 0.0691400089 0.0053660438 0.4292835001 0.0666344734 0.2068634387
1.6257556664 0.2029406805 0.0659863923 0.0053638876 0.4291110045 0.0697629647 0.2268350704
1.7027691722 0.1841920952 0.0627273243 0.0053405077 0.4272406163 0.0727492151 0.2477502414
1.7834308769 0.1665165842 0.0593941635 0.0052962693 0.4237015407 0.0755642410 0.2695272013
1.8679135990 0.1499485474 0.0560181862 0.0052318566 0.4185485268 0.0781812485 0.2920716346
1.9563983435 0.1345070826 0.0526298867 0.0051482512 0.4118600929 0.0805762403 0.3152784463
2.0490746898 0.1201965345 0.0492583353 0.0050467004 0.4037360328 0.0827285286 0.3390338683
2.1461411979 0.1070074392 0.0459306147 0.0049286792 0.3942943381 0.0846211323 0.3632177965
2.2478058335 0.0949177981 0.0426713560 0.0047958462 0.3836676921 0.0862410476 0.3877062600
2.3542864143 0.0838946027 0.0395023847 0.0046499964 0.3719997104 0.0875793864 0.4123739193
2.4658110758 0.0738955264 0.0364424815 0.0044930137 0.3594410978 0.0886313840 0.4370964967
2.5826187607 0.0648706998 0.0335072573 0.0043268236 0.3461458849 0.0893962856 0.4617530488
2.7049597305 0.0567644945 0.0307091344 0.0041533486 0.3322678871 0.0898771254 0.4862280100
2.8330961018 0.0495172450 0.0280574228 0.0039744688 0.3179575003 0.0900804155 0.5104129477
2.9673024082 0.0430668557 0.0255584769 0.0037919865 0.3033589202 0.0900157655 0.5342079952
3.1078661878 0.0373502501 0.0232159159 0.0036075980 0.2886078398 0.0896954547 0.5575229416
3.2550885998 0.0323046360 0.0210308905 0.0034228706 0.2738296470 0.0891339762 0.5802779798
3.4092850697 0.0278685703 0.0190023801 0.0032392265 0.2591381233 0.0883475735 0.6024041263
3.5707859649 0.0239828220 0.0171275048 0.0030579327 0.2446346154 0.0873537851 0.6238433399
3.7399373025 0.0205910384 0.0154018385 0.0028800955 0.2304076412 0.0861710132 0.6445483733
3.9171014908 0.0176402284 0.0138197130 0.0027066609 0.2165328732 0.0848181241 0.6644824004
4.1026581058 0.0150810817 0.0123745044 0.0025384180 0.2030734436 0.0833140910 0.6836184612
4.2970047043 0.0128681445 0.0110588955 0.0023760063 0.1900805040 0.0816776820 0.7019387676
4.5005576757 0.0109598749 0.0098651098 0.0022199248 0.1775939825 0.0799271961 0.7194339119
4.7137531341 0.0093186004 0.0087851163 0.0020705435 0.1656434786 0.0780802466 0.7361020146
4.9370478528 0.0079103990 0.0078108037 0.0019281156 0.1542492460 0.0761535909 0.7519478448
5.1709202429 0.0067049231 0.0069341245 0.0017927902 0.1434232186 0.0741630024 0.7669819412
5.4158713781 0.0056751830 0.0061472122 0.0016646255 0.1331700423 0.0721231821 0.7812197549
5.6724260685 0.0047973055 0.0054424722 0.0015436011 0.1234880846 0.0700477030 0.7946808335
5.9411339850 0.0040502791 0.0048126502 0.0014296300 0.1143703979 0.0679489858 0.8073880571
6.2225708367 0.0034156948 0.0042508805 0.0013225703 0.1058056211 0.0658382972 0.8193669362
6.5173396049 0.0028774915 0.0037507179 0.0012222351 0.0977788091 0.0637257705 0.8306449759
6.8260718343 0.0024217106 0.0033061542 0.0011284023 0.0902721831 0.0616204407 0.8412511091
7.1494289866 0.0020362634 0.0029116241 0.0010408225 0.0832658001 0.0595302925 0.8512151974
7.4881038576 0.0017107146 0.0025620018 0.0009592268 0.0767381413 0.0574623172 0.8605675983
7.8428220613 0.0014360833 0.0022525892 0.0008833328 0.0706666237 0.0554225755 0.8693387956
8.2143435849 0.0012046612 0.0019791002 0.0008128505 0.0650280369 0.0534162638 0.8775590874
8.6034644167 0.0010098493 0.0017376405 0.0007474864 0.0597989133 0.0514477823 0.8852583282
9.0110182517 0.0008460111 0.0015246844 0.0006869479 0.0549558347 0.0495208030 0.8924657189
9.4378782778 0.0007083428 0.0013370506 0.0006309461 0.0504756842 0.0476383364 0.8992096399
9.8849590466 0.0005927579 0.0011718776 0.0005791981 0.0463358479 0.0458027959 0.9055175226
10.3532184330 0.0004957869 0.0010265980 0.0005314297 0.0425143733 0.0440160593 0.9114157529
10.8436596869 0.0004144885 0.0008989145 0.0004873761 0.0389900902 0.0422795269 0.9169296037
11.3573335834 0.0003463735 0.0007867758 0.0004467837 0.0357426992 0.0405941758 0.9220831921
11.8953406737 0.0002893378 0.0006883542 0.0004094104 0.0327528324 0.0389606099 0.9268994553
12.4588336430 0.0002416055 0.0006020245 0.0003750261 0.0300020915 0.0373791068 0.9314001456
13.0490197801 0.0002016793 0.0005263435 0.0003434133 0.0274730672 0.0358496597 0.9356058370
13.6671635646 0.0001682983 0.0004600322 0.0003143668 0.0251493416 0.0343720166 0.9395359445
14.3145893752 0.0001404017 0.0004019584 0.0002876935 0.0230154800 0.0329457146 0.9432087518
14.9926843279 0.0001170976 0.0003511214 0.0002632126 0.0210570110 0.0315701120 0.9466414453
15.7029012473 0.0000976372 0.0003066376 0.0002407550 0.0192604000 0.0302444160 0.9498501542
16.4467617799 0.0000813922 0.0002677277 0.0002201627 0.0176130162 0.0289677082 0.9528499929
17.2258596540 0.0000678356 0.0002337053 0.0002012887 0.0161030959 0.0277389671 0.9556551074
18.0418640939 0.0000565257 0.0002039659 0.0001839963 0.0147197026 0.0265570874 0.9582787221
18.8965233969 0.0000470929 0.0001779783 0.0001681586 0.0134526852 0.0254208980 0.9607331871
19.7916686785 0.0000392275 0.0001552754 0.0001536579 0.0122926356 0.0243291771 0.9630300264
20.7292177960 0.0000326706 0.0001354471 0.0001403856 0.0112308463 0.0232806658 0.9651799847
21.7111794569 0.0000272057 0.0001181335 0.0001282408 0.0102592674 0.0222740795 0.9671930732
22.7396575236 0.0000226518 0.0001030190 0.0001171308 0.0093704657 0.0213081181 0.9690786146
23.8168555198 0.0000188579 0.0000898270 0.0001069698 0.0085575843 0.0203814749 0.9708452862
24.9450813523 0.0000156975 0.0000783151 0.0000976788 0.0078143037 0.0194928440 0.9725011609
26.1267522556 0.0000130654 0.0000682711 0.0000891851 0.0071348044 0.0186409267 0.9740537474
27.3643999707 0.0000108735 0.0000595092 0.0000814216 0.0065137320 0.0178244366 0.9755100271
28.6606761695 0.0000090484 0.0000518669 0.0000743270 0.0059461628 0.0170421047 0.9768764900
30.0183581358 0.0000075291 0.0000452021 0.0000678447 0.0054275729 0.0162926827 0.9781591686
31.4403547159 0.0000062643 0.0000393905 0.0000619226 0.0049538074 0.0155749462 0.9793636689
32.9297125510 0.0000052116 0.0000343235 0.0000565132 0.0045210530 0.0148876975 0.9804952012
34.4896226041 0.0000043355 0.0000299062 0.0000515726 0.0041258112 0.0142297673 0.9815586071
36.1234269971 0.0000036065 0.0000260556 0.0000470609 0.0037648743 0.0136000162 0.9825583864
37.8346261713 0.0000029998 0.0000226995 0.0000429413 0.0034353019 0.0129973363 0.9834987212
39.6268863870 0.0000024951 0.0000197745 0.0000391800 0.0031344001 0.0124206516 0.9843834988
41.5040475785 0.0000020752 0.0000172254 0.0000357463 0.0028597015 0.0118689187 0.9852163329
43.4701315813 0.0000017258 0.0000150043 0.0000326118 0.0026089471 0.0113411272 0.9860005838
45.5293507487 0.0000014352 0.0000130689 0.0000297509 0.0023800690 0.0108362997 0.9867393764
47.6861169771 0.0000011935 0.0000113826 0.0000271397 0.0021711752 0.0103534915 0.9874356174
49.9450511586 0.0000009924 0.0000099136 0.0000247567 0.0019805348 0.0098917910 0.9880920116
52.3109930806 0.0000008252 0.0000086338 0.0000225821 0.0018065645 0.0094503184 0.9887110761
54.7890117959 0.0000006862 0.0000075189 0.0000205977 0.0016478169 0.0090282259 0.9892951544
57.3844164830 0.0000005705 0.0000065478 0.0000187871 0.0015029685 0.0086246972 0.9898464289
60.1027678207 0.0000004743 0.0000057019 0.0000171351 0.0013708098 0.0082389461 0.9903669327
62.9498899022 0.0000003944 0.0000049652 0.0000156279 0.0012502352 0.0078702168 0.9908585605
65.9318827133 0.0000003279 0.0000043235 0.0000142529 0.0011402347 0.0075177823 0.9913230786
69.0551352016 0.0000002726 0.0000037647 0.0000129986 0.0010398856 0.0071809441 0.9917621344
72.3263389648 0.0000002266 0.0000032780 0.0000118543 0.0009483449 0.0068590314 0.9921772647
75.7525025877 0.0000001884 0.0000028542 0.0000108105 0.0008648427 0.0065514001 0.9925699041
79.3409666580 0.0000001566 0.0000024851 0.0000098585 0.0007886760 0.0062574319 0.9929413919
83.0994194935 0.0000001302 0.0000021637 0.0000089900 0.0007192028 0.0059765338 0.9932929795
87.0359136149 0.0000001082 0.0000018838 0.0000081980 0.0006558370 0.0057081370 0.9936258360
91.1588829975 0.0000000900 0.0000016401 0.0000074755 0.0005980433 0.0054516961 0.9939410550
95.4771611421 0.0000000748 0.0000014279 0.0000068167 0.0005453334 0.0052066884 0.9942396588
100.0000000000 0.0000000622 0.0000012432 0.0000062158 0.0004972613 0.0049726130 0.9945226046
